262
265
270
271
271
282
293
294
297
309
312
319
320
321
322
323
324
330
331
348
351
356
366
371
374
386
388
391
399
405
407
408
410
415
416
429
431
433
436
442
443
445
446
448
453
454
456
459
463
469
471
476
477
480
481
484
485
487
499
509
510
516
520
522
523
529
532
543
546
547
550
553
553
579
585
586
594
598
604
606
608
609
613
614
622
623
628
630
640
641
642
644
651
656
661
670
671
675
696
697
698
700
705
710
711
713
715
729
733
738
743
744
748
749
752
756
762
771
777
782
790
794
797
798
803
808
809
813
816
819
820
830
835
840
841
846
822
824
825
826
830
831
839
841
842
844
850
852
853
855
856
858
861
862
865
867
873
874
879
882
883
887
888
889
890
893
894
896
897
900
901
902
908
911
913
916
917
922
923
926
935
945
952
958
918
922
923
924
980
984
986
988
989
1000
1004
1016
1030
1033
1039
1050
1051
1054
1057
1058
1061
1063
1066
1074
1075
1078
1080
1110
1111
